   830.7       344      23.7      15.6       140      13.6
   827.5       378      22.6      15.5       121      10.9
   824.3       410      22.0      15.1       122      13.6
   820.8       450      21.2      14.8       121      15.6
   817.1       487      21.0      14.6       120      17.0
   813.6       526      20.6      14.7       119      18.1
   810.1       561      20.1      14.6       119      19.0
   806.5       602      19.7      14.5       119      19.7
   802.8       643      19.3      14.5       119      20.0
   799.4       677      19.1      14.4       119      20.0
   796.2       711      18.8      14.5       118      19.9
   792.9       747      18.4      14.4       116      19.9
   789.2       786      18.0      14.2       115      19.9
   785.3       830      17.5      14.1       115      20.0
   781.6       873      17.1      13.8       116      19.9
   778.5       904      16.7      13.9       117      19.7
   775.8       935      16.5      13.3       120      19.4
   773.1       964      16.5      12.1       123      19.3
   770.3       995      16.2      12.1       127      19.4
   767.4      1027      16.0      11.9       130      19.6
   764.6      1059      15.8      11.7       133      19.9
   761.9      1089      15.6      11.4       135      20.2
   759.2      1118      15.3      11.4       136      20.3
   756.7      1147      15.0      11.5       136      20.3
   754.1      1175      14.8      11.1       136      20.3
   751.5      1206      14.6      10.9       136      20.3
   748.9      1235      14.4      10.7       136      20.4
   746.3      1264      14.2      10.6       137      20.6
   743.6      1294      14.0      10.4       138      20.9
   740.9      1324      13.7      10.2       140      21.3
   738.0      1359      13.4      10.2       141      21.8
   734.9      1394      13.1      10.1       143      22.2
   731.8      1430      12.7      10.1       144      22.3
   728.6      1466      12.4      10.0       145      22.3
   725.5      1503      12.0      10.0       145      22.3
   722.4      1538      11.8       9.6       146      22.3
   719.3      1573      11.5       9.6       148      22.7
   716.2      1610      11.2       9.3       150      23.4
   713.1      1646      10.8       9.4       152      24.2
   710.0      1684      10.7       8.8       155      25.0
   707.3      1716      10.4       9.0       157      25.4
   704.7      1745      10.1       8.6       160      25.5
   702.0      1778      10.2       8.1       163      25.4
   698.9      1815       9.9       8.0       165      25.3
   695.9      1851       9.6       7.6       167      25.1
   693.2      1884       9.3       7.7       169      25.0
   690.8      1913       9.4       6.6       170      25.0
   688.3      1941       9.4       6.3       171      24.9
   685.5      1977       9.1       6.0       172      25.0
   682.6      2011       8.9       5.7       173      25.3
   679.5      2049       8.7       5.1       175      25.7
   676.3      2088       8.4       4.9       176      26.2
   673.4      2122       8.1       4.7       177      26.6
   670.5      2160       7.7       4.7       179      27.0
   667.6      2195       7.5       4.1       180      27.2
   664.8      2229       7.3       3.9       181      27.4
   662.1      2264       7.0       3.9       182      27.5
   659.7      2293       6.7       3.7       182      27.7
   657.2      2324       6.5       3.2       182      27.8
   654.5      2359       6.5       2.6       182      27.8
   651.9      2392       6.2       2.0       182      27.7
   649.6      2419       6.0       2.0       181      27.5
   647.6      2445       5.8       1.8       181      27.4
   645.5      2471       5.5       1.8       181      27.4
   643.1      2503       5.2       1.7       181      27.6
   640.9      2531       5.0       1.4       180      28.0
   638.9      2555       4.8       1.3       180      28.3
   637.0      2581       4.7       0.7       180      28.7
   635.1      2604       4.4       0.7       181      29.0
   633.4      2627       4.2       0.4       181      29.2
   631.7      2648       4.1       0.4       181      29.4
   629.9      2669       3.9       0.3       181      29.6
   627.7      2701       3.6       0.0       182      29.7
   625.7      2727       3.5      -0.2       182      29.7
   623.8      2751       3.2      -0.1       182      29.6
   621.8      2774       3.0       0.3       183      29.5
   619.7      2805       2.8       0.0       183      29.4
   617.8      2829       2.6       0.0       184      29.2
   615.9      2853       2.5      -0.3       185      29.1
   613.9      2880       2.4      -0.6       185      29.2
   611.9      2908       2.2      -0.9       185      29.4
   610.2      2930       2.1      -1.1       185      29.8
   608.5      2951       2.0      -1.5       185      30.2
   606.8      2974       2.1      -2.3       186      30.5
   605.0      2998       2.0      -2.7       187      30.8
   602.9      3027       1.8      -3.5       189      31.1
   600.6      3057       1.9      -6.2       191      31.3
   598.4      3088       1.9      -6.4       194      31.6
   596.3      3116       1.8      -8.1       196      32.0
   594.4      3142       2.0      -9.3       198      32.4
   592.5      3167       1.8      -9.8       199      32.7
   590.6      3192       1.8      -9.9       199      32.9
   588.8      3218       1.6     -10.2       199      33.2
   587.0      3243       1.7     -11.1       199      33.4
   585.4      3263       1.5     -11.0       199      33.6
   583.9      3284       1.3     -11.3       200      33.9
   582.2      3308       1.3     -11.7       200      34.1
   580.5      3331       1.3     -12.6       199      34.3
   579.1      3352       1.2     -12.6       199      34.5
   577.7      3371       1.1     -13.0       199      34.7
   576.3      3390       0.9     -13.3       198      34.9
   574.9      3409       0.8     -13.6       198      35.2
   573.4      3432       0.6     -13.8       197      35.5
   571.9      3453       0.5     -13.9       197      35.7
   570.4      3472       0.3     -13.9       197      35.8
   568.9      3493       0.1     -14.1       197      35.6
   567.5      3514      -0.1     -14.1       197      35.4
   566.0      3534      -0.3     -14.3       197      35.1
   564.4      3557      -0.5     -14.4       197      34.9
   562.8      3579      -0.7     -15.0       197      34.9
   561.2      3604      -0.8     -15.2       197      35.0
   559.6      3626      -1.0     -15.4       197      35.2
   557.9      3650      -1.3     -15.5       198      35.5
   556.2      3673      -1.4     -16.0       198      35.9
   554.7      3696      -1.6     -15.9       199      36.2
   553.2      3718      -1.7     -16.6       199      36.4
   551.7      3739      -1.9     -17.2       200      36.4
   550.1      3761      -2.0     -17.6       201      36.3
   548.5      3785      -2.2     -17.8       202      36.2
   546.9      3809      -2.4     -18.1       202      36.3
   545.4      3828      -2.5     -18.3       203      36.5
   543.9      3850      -2.7     -17.7       203      36.7
   542.4      3873      -2.9     -17.8       203      37.0
   540.7      3897      -3.1     -18.0       202      37.1
   538.9      3926      -3.3     -18.6       202      37.1
   537.1      3951      -3.5     -19.1       202      37.2
   535.3      3979      -3.8     -19.3       202      37.3
   533.8      3999      -4.0     -19.3       202      37.4
   532.1      4025      -4.1     -20.7       201      37.6
   530.3      4051      -4.3     -21.5       201      37.7
   528.6      4076      -4.5     -21.8       201      37.8
   526.8      4103      -4.7     -22.0       201      38.0
   525.2      4129      -5.0     -22.1       201      38.2
   523.7      4151      -5.2     -22.4       201      38.5
   522.2      4172      -5.3     -22.5       201      38.7
   520.8      4194      -5.6     -23.0       201      38.9
   519.3      4216      -5.8     -23.1       201      39.0
   517.9      4238      -6.0     -23.1       201      38.9
   516.4      4260      -6.2     -23.1       201      38.8
   514.9      4283      -6.4     -23.1       201      38.7
   513.4      4307      -6.6     -23.2       201      38.7
   511.8      4330      -6.8     -23.3       201      38.8
   510.3      4353      -7.1     -23.2       201      38.9
   508.7      4378      -7.3     -22.7       201      39.1
   507.2      4400      -7.5     -23.0       201      39.3
   505.8      4422      -7.7     -22.9       201      39.5
   504.4      4443      -7.9     -23.1       202      39.8
   503.1      4464      -8.1     -23.6       202      40.1
   501.7      4484      -8.3     -23.7       203      40.3
   500.5      4504      -8.5     -23.8       203      40.4
   499.1      4525      -8.7     -23.8       204      40.4
   497.7      4547      -8.9     -23.9       205      40.4
   496.3      4569      -9.0     -24.3       205      40.4
   494.9      4591      -9.1     -24.4       205      40.3
   493.5      4613      -9.0     -27.3       205      40.3
   492.1      4634      -9.0     -28.4       204      40.2
   490.6      4659      -9.2     -29.0       204      40.0
   489.0      4683      -9.3     -30.0       203      39.9
   487.5      4708      -9.6     -29.9       203      39.8
   485.9      4734      -9.8     -29.6       203      39.8
   484.3      4758      -9.9     -29.9       203      39.9
   482.7      4783     -10.1     -30.0       204      40.1
   481.2      4807     -10.3     -30.0       204      40.4
   479.6      4833     -10.6     -30.0       204      40.6
   478.1      4858     -10.8     -30.1       205      40.8
   476.7      4880     -11.0     -30.1       205      41.0
   475.1      4906     -11.3     -30.0       205      41.1
   473.6      4930     -11.5     -30.1       206      41.3
   472.1      4954     -11.7     -30.0       206      41.5
   470.5      4980     -12.0     -30.0       207      41.8
   468.9      5005     -12.2     -29.6       207      42.0
   467.3      5033     -12.5     -29.6       207      42.2
   465.7      5058     -12.7     -29.5       208      42.2
   464.2      5083     -12.9     -29.6       208      42.3
   462.7      5107     -13.1     -29.7       208      42.3
   461.2      5132     -13.2     -29.8       207      42.4
   459.8      5156     -13.3     -29.7       207      42.7
   458.3      5181     -13.5     -30.1       207      43.0
   456.9      5204     -13.7     -30.7       207      43.5
   455.4      5228     -13.8     -32.0       207      43.9
   454.0      5252     -14.0     -31.1       207      44.2
   452.5      5277     -14.2     -29.8       207      44.5
   451.1      5301     -14.4     -29.7       208      44.7
   449.6      5326     -14.6     -29.5       208      44.7
   448.2      5350     -14.8     -29.5       208      44.6
   446.7      5374     -15.0     -29.7       208      44.5
   445.3      5399     -15.1     -30.2       208      44.2
   443.9      5421     -15.3     -30.4       208      44.0
   442.5      5445     -15.5     -30.9       208      43.9
   441.1      5469     -15.6     -32.1       209      44.0
   439.8      5493     -15.7     -32.8       209      44.1
   438.4      5516     -15.9     -32.7       209      44.3
   436.9      5542     -16.1     -32.6       209      44.5
   435.5      5566     -16.3     -32.7       209      44.8
   434.1      5591     -16.5     -32.7       209      45.2
   432.7      5615     -16.8     -32.8       208      45.6
   431.3      5640     -17.0     -32.8       208      46.0
   429.8      5665     -17.3     -32.9       208      46.3
   428.3      5691     -17.5     -32.9       208      46.6
   426.9      5715     -17.7     -33.0       208      46.8
   425.6      5740     -17.9     -32.9       208      46.9
   424.2      5764     -18.1     -32.9       208      47.0
   422.7      5790     -18.3     -33.0       208      47.1
   421.3      5815     -18.5     -33.1       208      47.1
   419.9      5839     -18.8     -33.2       207      47.1
   418.6      5863     -19.0     -33.2       207      47.1
   417.2      5889     -19.2     -33.2       207      47.0
   415.8      5913     -19.5     -33.2       207      47.0
   414.4      5938     -19.7     -33.3       208      47.0
   413.0      5963     -20.0     -33.4       208      47.0
   411.6      5987     -20.2     -33.4       208      47.1
   410.3      6012     -20.4     -33.4       208      47.2
   409.0      6035     -20.7     -33.4       208      47.3
   407.7      6059     -20.9     -33.5       208      47.3
   406.3      6083     -21.1     -33.5       208      47.4
   405.0      6107     -21.4     -33.6       207      47.4
   403.7      6132     -21.6     -33.6       207      47.5
   402.3      6157     -21.8     -33.7       207      47.5
   400.8      6183     -22.0     -34.1       206      47.7
   399.4      6210     -22.2     -34.3       206      47.9
   398.0      6235     -22.5     -34.5       206      48.1
   396.6      6262     -22.7     -34.5       206      48.3
   395.3      6286     -23.0     -34.5       206      48.4
   394.1      6308     -23.2     -34.5       205      48.3
   392.8      6331     -23.4     -34.5       205      48.3
   391.6      6354     -23.6     -34.6       204      48.3
   390.3      6377     -23.8     -34.8       204      48.5
   389.1      6401     -24.1     -34.8       203      48.8
   387.8      6426     -24.3     -35.3       202      49.1
   386.5      6451     -24.5     -35.7       202      49.5
   385.2      6474     -24.7     -36.1       201      49.8
   383.9      6498     -24.9     -37.0       200      50.0
   382.6      6523     -25.1     -37.0       200      50.2
   381.3      6548     -25.4     -37.1       199      50.3
   379.9      6575     -25.6     -37.0       199      50.5
   378.7      6599     -25.8     -37.5       198      50.8
   377.6      6619     -26.0     -38.0       198      51.2
   376.5      6640     -26.2     -37.9       198      51.7
   375.3      6662     -26.4     -38.4       198      52.3
   374.2      6685     -26.6     -38.4       198      52.9
   373.1      6705     -26.7     -38.6       198      53.6
   372.0      6727     -26.9     -38.7       198      54.3
   370.9      6748     -27.1     -38.4       198      55.0
   369.8      6769     -27.1     -38.6       198      55.7
   368.7      6790     -27.3     -38.6       199      56.3
   367.6      6812     -27.5     -38.5       199      57.0
   366.5      6833     -27.6     -38.2       199      57.7
   365.5      6855     -27.7     -38.3       199      58.5
   364.5      6874     -27.9     -38.3       200      59.3
   363.5      6893     -28.0     -38.2       200      59.8
   362.5      6912     -28.1     -38.3       200      60.2
   361.5      6932     -28.2     -38.6       200      60.3
   360.6      6951     -28.2     -38.9       200      60.2
   359.6      6970     -28.3     -39.1       200      60.1
   358.6      6990     -28.5     -39.0       200      59.9
   357.7      7009     -28.7     -39.1       200      59.8
   356.7      7028     -28.9     -39.1       200      59.8
   355.8      7046     -29.1     -39.2       200      59.9
   354.9      7065     -29.2     -39.3       200      60.1
   354.0      7083     -29.3     -40.5       200      60.2
   353.0      7104     -29.4     -41.3       201      60.3
   352.0      7123     -29.5     -42.0       201      60.4
   351.1      7142     -29.6     -42.3       201      60.5
   350.2      7160     -29.8     -42.5       201      60.6
   349.2      7180     -30.0     -42.6       202      60.8
   348.2      7201     -30.2     -42.7       202      61.0
   347.1      7222     -30.3     -43.3       203      61.2
   346.1      7243     -30.4     -44.5       203      61.4
   345.2      7262     -30.6     -44.2       204      61.7
   344.2      7282     -30.8     -44.3       204      61.9
   343.2      7304     -30.9     -44.4       205      62.1
   342.2      7324     -31.0     -44.4       205      62.2
   341.3      7343     -31.2     -44.5       205      62.3
   340.4      7362     -31.3     -44.3       205      62.4
   339.5      7381     -31.5     -44.2       204      62.5
   338.5      7400     -31.6     -44.3       204      62.6
   337.6      7421     -31.8     -44.5       204      62.7
   336.6      7441     -32.0     -44.8       204      62.8
   335.6      7461     -32.1     -44.6       204      62.8
   334.7      7480     -32.2     -44.6       204      62.9
   333.8      7500     -32.4     -44.6       205      63.0
   332.8      7520     -32.5     -44.8       205      63.2
   331.8      7541     -32.6     -45.0       205      63.4
   330.8      7562     -32.8     -45.3       206      63.6
   329.9      7584     -33.0     -45.7       206      63.8
   328.9      7604     -33.0     -46.5       206      64.1
   327.8      7626     -33.2     -46.5       207      64.3
   326.7      7650     -33.3     -47.1       207      64.4
   325.7      7673     -33.4     -47.5       208      64.5
   324.7      7694     -33.5     -48.3       208      64.5
   323.6      7717     -33.7     -48.7       209      64.6
   322.6      7740     -33.9     -48.8       209      64.6
   321.5      7763     -34.0     -49.4       209      64.7
   320.5      7785     -34.2     -49.5       209      64.9
   319.3      7811     -34.4     -49.6       208      65.2
   318.3      7835     -34.5     -49.8       208      65.6
   317.3      7855     -34.7     -50.1       208      66.1
   316.3      7878     -34.8     -50.5       208      66.6
   315.3      7899     -35.0     -50.3       208      67.2
   314.3      7921     -35.2     -50.3       209      67.7
   313.3      7943     -35.3     -51.1       209      68.1
   312.3      7965     -35.5     -51.3       209      68.5
   311.4      7987     -35.6     -51.7       209      68.9
   310.4      8008     -35.7     -52.2       208      69.2
   309.5      8029     -35.8     -52.5       208      69.4
   308.5      8051     -35.9     -52.8       208      69.6
   307.6      8071     -36.1     -53.0       208      69.8
   306.7      8093     -36.2     -53.7       208      69.9
   305.7      8114     -36.3     -54.0       208      70.0
   304.8      8135     -36.4     -54.4       208      70.0
   303.9      8155     -36.6     -54.4       209      70.1
   303.0      8175     -36.8     -54.5       209      70.2
   302.1      8196     -37.0     -54.6       209      70.4
   301.2      8216     -37.2     -54.7       209      70.6
   300.3      8238     -37.4     -54.7       210      70.9
   299.4      8258     -37.5     -54.9       210      71.1
   298.5      8278     -37.7     -55.0       210      71.3
   297.7      8297     -37.8     -56.2       210      71.3
   296.9      8317     -37.9     -57.3       210      71.4
   296.0      8336     -38.0     -59.1       210      71.4
   295.2      8355     -38.1     -59.5       211      71.4
   294.3      8376     -38.2     -58.9       211      71.5
   293.4      8397     -38.4     -58.8       211      71.7
   292.5      8418     -38.6     -59.0       211      71.9
   291.7      8439     -38.8     -58.9       211      72.1
   290.8      8459     -39.0     -59.0       211      72.2
   289.9      8481     -39.2     -59.0       211      72.4
   289.0      8502     -39.4     -59.1       211      72.4
   288.2      8521     -39.6     -59.1       211      72.4
   287.3      8541     -39.8     -59.3       211      72.3
   286.4      8563     -40.0     -59.2       211      72.2
   285.5      8584     -40.2     -59.3       211      72.1
   284.7      8604     -40.4     -59.4       211      72.0
   283.8      8625     -40.6     -59.5       211      72.0
   283.0      8644     -40.8     -59.2       211      72.1
   282.2      8664     -40.9     -59.4       211      72.2
   281.3      8685     -41.2     -59.4       211      72.1
   280.5      8705     -41.4     -59.5       211      72.0
   279.7      8724     -41.5     -59.6       211      71.7
   278.9      8743     -41.7     -59.4       211      71.5
   278.1      8762     -41.9     -59.5       211      71.2
   277.3      8782     -42.1     -59.7       212      71.0
   276.6      8800     -42.2     -59.9       212      70.9
   275.8      8819     -42.4     -60.2       212      70.9
   275.0      8838     -42.5     -60.7       213      71.0
   274.3      8857     -42.6     -61.0       213      71.0
   273.5      8875     -42.7     -60.8       213      71.0
   272.8      8893     -42.9     -61.1       213      70.9
   272.1      8912     -43.0     -61.3       213      70.7
   271.3      8929     -43.2     -61.2       213      70.5
   270.6      8948     -43.3     -61.6       213      70.3
   269.8      8967     -43.4     -63.0       213      70.1
   269.0      8988     -43.6     -63.4       214      70.0
   268.2      9008     -43.7     -63.5       214      70.1
   267.4      9028     -43.7     -64.1       215      70.4
   266.6      9047     -43.7     -64.4       216      70.8
   265.8      9068     -43.8     -64.4       216      71.3
   265.0      9088     -43.9     -64.5       217      71.8
   264.3      9107     -44.0     -65.0       217      72.1
   263.6      9124     -44.0     -65.2       218      72.3
   262.9      9140     -44.2     -65.1       219      72.4
   262.2      9159     -44.3     -65.1       219      72.4
   261.6      9175     -44.4     -65.5       220      72.5
   261.0      9191     -44.6     -65.3       220      72.5
   260.4      9205     -44.7     -65.6       220      72.5
   259.8      9221     -44.7     -65.7       220      72.5
   259.1      9239     -44.8     -65.5       219      72.4
   258.5      9254     -44.9     -65.5       219      72.3
   257.8      9272     -45.1     -65.4       219      72.1
   257.2      9288     -45.2     -65.5       219      71.9
   256.5      9305     -45.3     -65.1       219      71.5
   255.9      9322     -45.4     -65.0       219      71.3
   255.2      9340     -45.6     -64.8       219      71.1
   254.6      9356     -45.7     -64.8       219      71.0
   253.9      9373     -45.9     -64.5       219      71.1
   253.3      9391     -46.0     -64.5       219      71.3
   252.6      9408     -46.2     -64.7       219      71.5
   252.0      9424     -46.3     -64.7       220      71.8
   251.4      9441     -46.5     -64.6       220      72.0
   250.7      9457     -46.6     -64.6       220      72.2
   250.1      9473     -46.8     -64.7       220      72.4
   249.5      9491     -46.9     -64.7       220      72.5
   248.8      9509     -47.0     -64.8       219      72.7
   248.1      9526     -47.2     -64.8       219      72.8
   247.5      9544     -47.4     -65.0       219      72.9
   246.7      9564     -47.5     -65.5       219      73.0
   246.0      9582     -47.6     -65.7       219      73.1
   245.4      9601     -47.7     -65.7       220      73.3
   244.7      9618     -47.9     -65.7       220      73.5
   244.0      9637     -48.0     -65.5       220      73.7
   243.3      9655     -48.2     -65.7       220      73.8
   242.7      9673     -48.4     -65.7       220      73.8
   242.0      9691     -48.5     -65.8       220      73.7
   241.3      9710     -48.7     -65.9       220      73.4
   240.6      9729     -48.8     -66.2       220      73.1
   239.9      9748     -48.9     -66.3       220      72.7
   239.2      9768     -49.1     -66.4       220      72.4
   238.5      9787     -49.3     -66.3       220      72.2
   237.8      9806     -49.5     -66.5       220      72.2
   237.1      9826     -49.6     -67.1       220      72.2
   236.4      9846     -49.7     -67.4       220      72.3
   235.7      9865     -49.9     -67.3       220      72.5
   235.0      9884     -50.0     -67.0       220      72.7
   234.3      9903     -50.2     -67.1       220      72.8
   233.6      9922     -50.2     -67.3       220      73.0
   233.0      9941     -50.4     -67.6       220      73.1
   232.3      9959     -50.6     -67.8       220      73.3
   231.6      9979     -50.7     -68.3       219      73.3
   230.9      9997     -50.8     -68.2       219      73.4
   230.2     10017     -51.0     -67.8       219      73.3
   229.6     10036     -51.1     -67.7       219      73.3
   228.9     10055     -51.3     -67.9       219      73.3
   228.2     10073     -51.4     -68.0       220      73.3
   227.6     10093     -51.6     -68.0       220      73.3
   226.9     10112     -51.8     -68.0       220      73.1
   226.2     10131     -51.9     -67.9       220      72.8
   225.5     10153     -52.1     -67.6       220      72.3
   224.8     10172     -52.1     -67.5       220      71.8
   224.1     10192     -52.1     -67.7       219      71.2
   223.4     10211     -52.2     -67.8       219      70.7
   222.7     10232     -52.4     -67.8       219      70.2
   222.0     10252     -52.5     -68.0       218      69.7
   221.3     10274     -52.6     -68.2       218      69.2
   220.6     10294     -52.5     -68.4       217      68.8
   219.8     10317     -52.5     -68.6       217      68.6
   219.1     10337     -52.5     -68.7       216      68.8
   218.4     10359     -52.7     -68.9       216      69.3
   217.6     10381     -52.8     -68.9       216      70.0
   216.9     10403     -52.8     -69.0       216      70.6
   216.1     10425     -52.8     -69.0       216      71.1
   215.4     10450     -52.8     -68.9       216      71.3
   214.6     10472     -52.7     -68.8       216      71.3
   213.9     10494     -52.5     -68.7       216      71.2
   213.1     10516     -52.5     -68.8       216      71.3
   212.4     10538     -52.5     -69.0       216      71.6
   211.7     10561     -52.6     -69.2       217      72.2
   210.9     10583     -52.7     -69.5       217      72.8
   210.2     10606     -52.7     -70.0       218      73.3
   209.5     10628     -52.8     -70.2       218      73.5
   208.8     10650     -52.9     -70.7       218      73.5
   208.0     10673     -52.8     -72.3       218      73.1
   207.2     10698     -52.4     -74.1       218      72.6
   206.4     10723     -52.3     -74.6       217      71.9
   205.6     10747     -52.4     -73.8       217      71.3
   204.9     10772     -52.6     -73.1       217      70.6
   204.1     10795     -52.8     -72.9       216      70.2
   203.4     10819     -52.9     -72.6       216      69.9
   202.6     10844     -53.0     -72.5       216      69.7
   201.8     10868     -53.1     -72.9       216      69.7
   201.1     10892     -53.2     -73.4       216      69.6
   200.4     10914     -53.3     -73.9       216      69.5
   199.6     10940     -53.4     -74.4       215      69.3
   198.9     10963     -53.4     -74.6       215      69.0
   198.1     10987     -53.4     -74.7       215      68.6
   197.3     11013     -53.4     -74.8       215      68.1
   196.6     11036     -53.6     -74.7       214      67.6
   195.9     11060     -53.7     -74.5       214      67.0
   195.2     11083     -53.8     -74.6       213      66.4
   194.5     11106     -53.8     -74.8       213      66.0
   193.8     11129     -53.9     -75.0       212      65.7
   193.1     11151     -53.7     -75.3       212      65.7
   192.5     11174     -53.7     -75.5       211      65.7
   191.8     11197     -53.8     -75.5       211      65.8
   191.1     11221     -53.8     -75.6       211      65.7
   190.4     11243     -53.6     -75.7       211      65.4
   189.7     11264     -53.8     -75.9       210      64.9
   189.1     11288     -54.0     -75.9       210      64.1
   188.4     11310     -53.9     -76.0       209      63.3
   187.8     11332     -53.7     -76.3       208      62.5
   187.1     11354     -53.8     -76.4       208      61.8
   186.4     11378     -54.0     -76.3       207      61.3
   185.7     11402     -54.1     -76.3       207      60.8
   185.0     11427     -54.1     -76.6       207      60.3
   184.2     11455     -54.2     -76.7       207      59.8
   183.4     11481     -54.2     -76.9       207      59.1
   182.6     11510     -54.1     -77.0       208      58.0
   181.8     11540     -53.8     -77.3       208      56.3
   181.0     11568     -53.6     -77.6       208      54.0
   180.1     11600     -53.3     -78.3       208      51.3
   179.0     11639     -52.1     -79.0       208      48.7
   178.1     11670     -51.6     -79.7       208      46.4
   177.2     11703     -51.7     -79.7       208      44.5
   176.3     11737     -51.9     -79.2       207      42.8
   175.5     11768     -52.2     -79.3       206      41.2
   174.6     11799     -52.3     -79.2       204      39.6
   173.9     11825     -52.1     -79.4       202      38.2
   173.2     11851     -51.9     -79.6       201      36.9
   172.4     11883     -52.2     -79.4       201      35.7
   171.6     11914     -52.4     -79.4       203      34.3
   170.8     11944     -52.5     -79.4       204      32.9
   170.0     11972     -52.7     -79.4       206      31.6
   169.4     11996     -52.9     -79.3       207      30.7
   168.8     12018     -53.1     -79.2       207      30.3
   168.2     12042     -53.4     -79.3       207      30.4
   167.5     12067     -53.5     -79.3       207      30.9
   166.9     12093     -53.7     -79.4       207      31.6
   166.2     12120     -53.8     -79.4       206      32.3
   165.5     12147     -54.1     -79.4       206      32.9
   164.8     12173     -54.4     -79.4       206      33.5
   164.1     12202     -54.7     -79.5       206      34.0
   163.4     12229     -54.9     -79.6       207      34.6
   162.7     12252     -55.1     -79.7       207      35.2
   162.0     12281     -55.2     -79.8       207      35.8
   161.4     12308     -55.3     -80.0       207      36.3
   160.7     12334     -55.6     -80.1       208      36.9
   160.0     12362     -55.8     -80.1       209      37.4
   159.3     12388     -56.0     -80.1       210      38.0
   158.7     12414     -56.2     -80.1       210      38.6
   158.1     12438     -56.4     -80.1       210      39.1
   157.4     12464     -56.7     -80.2       210      39.5
   156.8     12490     -56.9     -80.4       210      40.0
   156.1     12517     -57.0     -80.5       210      40.4
   155.4     12545     -57.2     -80.5       211      40.7
   154.8     12570     -57.4     -80.5       211      40.9
   154.2     12597     -57.6     -80.6       212      40.8
   153.5     12624     -57.8     -80.7       213      40.6
   152.9     12650     -58.0     -80.9       214      40.3
   152.2     12676     -58.2     -80.9       215      40.0
   151.6     12702     -58.4     -80.9       215      39.8
   151.0     12728     -58.6     -81.1       216      39.7
   150.4     12754     -58.7     -81.2       217      39.9
   149.8     12778     -58.7     -81.2       218      40.2
   149.1     12804     -58.9     -81.3       219      40.7
   148.5     12830     -59.1     -81.4       219      41.3
   147.9     12855     -59.2     -81.4       220      41.9
   147.3     12881     -59.5     -81.4       220      42.7
   146.8     12906     -59.7     -81.6       220      43.4
   146.2     12932     -59.8     -81.6       221      44.0
   145.6     12956     -59.8     -81.7       221      44.3
   145.1     12979     -60.0     -81.8       222      44.3
   144.5     13003     -60.1     -81.9       222      43.9
   143.9     13027     -60.3     -82.0       223      43.0
   143.4     13052     -60.4     -82.2       223      41.9
   142.8     13076     -60.4     -82.4       224      40.7
   142.2     13100     -60.3     -82.6       224      39.4
   141.7     13126     -60.2     -82.8       223      38.2
   141.1     13151     -60.3     -83.0       223      37.0
   140.5     13176     -60.4     -83.2       223      35.8
   140.0     13200     -60.6     -83.3       223      34.7
   139.4     13227     -60.7     -83.2       224      33.7
   138.8     13253     -60.8     -83.2       225      32.8
   138.3     13276     -61.0     -83.3       226      32.2
   137.8     13299     -61.3     -83.3       226      31.7
   137.2     13324     -61.5     -83.2       227      31.4
   136.7     13345     -61.6     -83.2       228      31.3
   136.2     13371     -61.8     -83.2       228      31.3
   135.7     13394     -62.0     -83.1       228      31.5
   135.2     13416     -62.2     -83.1       228      32.1
   134.7     13440     -62.3     -83.2       228      33.0
   134.1     13466     -62.4     -83.3       229      34.2
   133.6     13492     -62.4     -83.4       229      35.6
   133.0     13516     -62.5     -83.5       229      37.1
   132.5     13539     -62.6     -83.6       229      38.6
   132.0     13566     -62.7     -83.7       229      40.2
   131.4     13589     -62.8     -83.8       228      41.7
   130.9     13613     -62.9     -84.0       228      42.9
   130.4     13638     -62.9     -84.2       228      43.7
   130.0     13658     -62.9     -84.4       228      44.1
   129.5     13682     -62.8     -84.6       228      44.1
   129.1     13703     -62.6     -84.7       228      43.7
   128.6     13722     -62.6     -84.8       228      43.1
   128.2     13746     -62.7     -84.9       229      42.3
   127.7     13767     -62.9     -84.9       229      41.5
   127.2     13790     -63.0     -85.0       229      40.6
   126.7     13816     -63.1     -85.0       230      39.8
   126.2     13840     -63.4     -84.9       230      38.8
   125.7     13863     -63.6     -84.8       229      37.7
   125.3     13884     -63.8     -84.9       229      36.3
   124.9     13905     -64.0     -84.9       227      34.8
   124.4     13926     -64.1     -85.0       224      33.3
   123.9     13952     -64.1     -85.7       220      32.3
   123.4     13975     -63.0     -85.7       215      31.8
   123.0     13998     -61.9     -85.8       210      32.0
   122.5     14022     -61.8     -86.4       205      32.4
   122.0     14049     -61.8     -86.6       201      33.0
   121.5     14076     -61.7     -86.5       197      33.5
   121.0     14099     -61.8     -86.6       194      34.1
   120.4     14128     -61.9     -86.6       192      34.7
   119.9     14155     -62.2     -86.4       191      35.5
   119.5     14179     -62.4     -86.4       189      36.3
   119.0     14202     -62.5     -86.4       189      37.0
   118.6     14223     -62.5     -86.3       188      37.6
   118.2     14246     -62.6     -86.3       188      37.9
   117.7     14269     -62.6     -86.4       188      38.2
   117.3     14292     -62.6     -86.4       188      38.3
   116.9     14313     -62.9     -86.4       189      38.4
   116.5     14334     -63.1     -86.4       190      38.4
   116.1     14357     -63.2     -86.5       192      38.2
   115.6     14379     -63.2     -86.6       194      37.8
   115.2     14402     -63.0     -86.6       195      37.2
   114.8     14423     -63.0     -86.8       196      36.2
   114.4     14446     -63.1     -86.8       197      35.0
   113.9     14472     -63.2     -86.9       198      33.6
   113.5     14496     -63.2     -87.0       198      32.1
   113.0     14518     -63.0     -87.0       198      30.6
   112.6     14542     -62.9     -86.9       198      29.3
   112.2     14566     -63.0     -87.1       198      28.1
   111.7     14590     -62.9     -87.1       198      27.1
   111.3     14614     -62.9     -87.2       198      26.1
   110.8     14640     -63.0     -87.1       198      25.2
   110.4     14664     -63.2     -87.1       198      24.4
   110.0     14685     -63.4     -87.1       198      23.7
   109.6     14709     -63.7     -87.1       198      22.9
   109.2     14732     -63.9     -87.1       199      22.1
   108.8     14754     -64.0     -87.1       199      21.4
   108.4     14776     -64.1     -87.1       198      20.6
   108.0     14800     -64.2     -87.3       197      20.0
   107.6     14823     -64.1     -87.5       194      19.6
   107.2     14844     -63.8     -87.6       191      19.6
   106.8     14867     -63.5     -87.7       188      19.7
   106.4     14890     -63.2     -87.8       184      20.1
   106.0     14912     -63.1     -87.9       181      20.4
   105.6     14936     -63.1     -87.9       177      20.7
   105.2     14959     -63.2     -88.1       174      21.1
   104.8     14983     -62.9     -88.0       171      21.4
   104.4     15006     -62.8     -87.9       170      21.6
   104.0     15029     -62.9     -87.9       169      21.7
   103.6     15052     -63.0     -87.8       169      21.7
   103.3     15074     -63.3     -87.8       169      21.6
   102.9     15096     -63.5     -87.8       170      21.4
   102.5     15120     -63.6     -87.7       171      21.3
   102.1     15144     -63.9     -87.8       173      21.0
   101.7     15168     -64.0     -87.8       175      20.7
   101.3     15192     -64.1     -87.9       178      20.3
   100.9     15216     -63.9     -87.9       181      19.9
   100.5     15240     -63.9     -87.9       185      19.5
   100.1     15264     -64.0     -88.0       188      19.2